time,x,y,z,phi,theta,psi,x_velocity,y_velocity,z_velocity,phi_velocity,theta_velocity,psi_velocity,rotor_speed1,rotor_speed2,rotor_speed3,rotor_speed4
0.06,-7.21241253862e-07,-4.85343013472e-08,10.0065743982,6.28312479151,6.28262134588,0.0,-1.07570599385e-05,-5.14205853101e-06,0.21912946418,-0.00310637708961,-0.0452904957768,0.0,475.5805551768269,472.0994189152537,472.6605256694967,472.4211305765619
0.12000000000000001,2.10676604862e-05,-2.04933544374e-06,10.023183725,4.21587178785e-05,6.27945991277,0.0,0.00103605487727,-6.44377508906e-05,0.334486894985,0.00993071040846,-0.0746813589501,0.0,442.32826016113194,439.89946932711234,441.97089626414464,443.0438922114501
0.18,0.000184099820459,-2.41874848659e-06,10.0480039811,0.000722962639211,6.27577303595,0.0,0.00484082876359,0.000122897149549,0.492797172623,0.014038162886,-0.0432328796193,0.0,454.7170948796362,457.22606596513316,454.19989481298956,454.52901335063035
0.23999999999999996,0.00063838777391,2.31515696828e-05,10.0806840027,0.00147349662281,6.27328559878,0.0,0.0105620495791,0.000811272167434,0.596485671508,0.00926019456067,-0.0381245115263,0.0,438.2940715659102,438.71741129713627,438.38804946230954,437.9908003971079
0.3,0.00148208506617,0.000104528083504,10.1192679852,0.00148608982164,6.27183121034,0.0,0.0177405682592,0.00194438687606,0.689593011311,-0.0322515658922,-0.00539859063172,0.0,434.24669988440104,436.98261037565607,436.3279168628303,432.84895496705127
0.36000000000000004,0.00279976887142,0.000246108024947,10.1651646683,6.28250059434,6.27135032471,0.0,0.0262244730819,0.00255164233344,0.840197021782,-0.0454969396525,-0.0138411949335,0.0,453.8660127970267,453.18812151770834,453.3965710761445,452.33070504137584
0.4200000000000001,0.0045763107854,0.000379244091029,10.2148804104,6.28003567931,6.27083083972,0.0,0.0330489324931,0.00166964362505,0.817010393795,-0.0334612941788,9.06910272849e-05,0.0,395.34351852686115,396.6250493522602,396.7511322538001,397.8533292077767
0.48000000000000015,0.00685537242171,0.000394905275004,10.270230249,6.27768571584,6.27100913556,0.0,0.0429061427263,-0.00140078358994,1.02781748339,-0.0541329268168,0.00818747882629,0.0,470.5984560709938,471.22463742644845,472.8188281046076,471.22299982633854
0.5400000000000001,0.00966138679911,0.000194207547865,10.3334043659,6.27470980023,6.27124601436,0.0,0.0505909134833,-0.0055821078452,1.07793864349,-0.0418003090475,-0.00627446738675,0.0,422.8912662497361,421.6438066245827,420.96020062913357,422.0241667793019
0.6000000000000002,0.0130116556865,-0.000375144980486,10.4066333866,6.27204909882,6.27055971451,0.0,0.0611461957741,-0.0137272108503,1.36272954585,-0.0499920310449,-0.0245488850389,0.0,494.72424806671506,493.3771337787308,492.7388322918545,492.1320138519057
0.6600000000000003,0.0170308303326,-0.00151612443527,10.497899781,6.26921589795,6.26886095755,0.0,0.0730316509198,-0.0246907376382,1.6790664296,-0.0421855028103,-0.0371652033544,0.0,503.16811779225384,502.2538841073932,502.37498595864224,502.93958042249403
0.7200000000000003,0.0217741307654,-0.00335207471762,10.6055479934,6.26623274634,6.26702287972,0.0,0.085316589722,-0.0368273379786,1.90884345397,-0.0723734108423,-0.0200240604886,0.0,479.1528835154472,480.45384505760217,479.3951981769654,477.094414231584
0.7800000000000004,0.0272493858759,-0.00594785438408,10.7241612823,6.26157356974,6.26568528963,0.0,0.0973236751983,-0.0501741936414,2.04468775822,-0.0911389539598,-0.0272681805567,0.0,452.0954474956307,451.5114017784625,452.36898944814243,450.85059731372877
0.8400000000000004,0.03342638573,-0.00938738289589,10.8481441884,6.25600740818,6.26387814895,0.0,0.108735248686,-0.0649911184694,2.08798131246,-0.0962449141431,-0.0365351979229,0.0,421.8511208859979,421.04982815603466,424.32626093333965,423.8799901987025
0.9000000000000005,0.0403554390439,-0.0138681621309,10.9763377181,6.25016744585,6.26219604333,0.0,0.122422212119,-0.084952501253,2.18493304084,-0.0996003773596,-0.0149279392961,0.0,440.02615897301007,441.81086821472593,439.8431033030787,439.5569061416731
0.9600000000000005,0.048258804553,-0.0198666650235,11.1161793771,6.24417146095,6.26175556257,0.0,0.141093462791,-0.115756988915,2.47584057232,-0.100606394983,0.00464098828598,0.0,497.976394244363,499.4058236183465,497.9909028272762,497.9098779083938
1.0200000000000005,0.057179257591,-0.0276663085529,11.2683471212,6.23819198956,6.26213040909,0.0,0.156214215913,-0.144851079546,2.59612355045,-0.09782664558,0.00928104971443,0.0,448.69297721905417,449.06940832766605,449.7813643803863,449.99800050099134
1.0800000000000005,0.067045103025,-0.0374418371682,11.4299819046,6.23262294908,6.26275524444,0.0,0.172568315481,-0.181640741855,2.79121262742,-0.0843245710646,0.0125885170775,0.0,473.24799454764974,473.5023710370557,471.3868102386064,472.4222009954493
1.1400000000000006,0.0778014605858,-0.0493620027938,11.5996166712,6.22751181703,6.26324113328,0.0,0.18590981868,-0.216186427928,2.86307206794,-0.0869643544522,-0.00287570512282,0.0,436.84597063312896,435.55447123394345,435.51599126210976,435.2890092650779
1.2000000000000006,0.0893475813276,-0.0634449878232,11.7733491598,6.22231363059,6.26319753967,0.0,0.198967026885,-0.253741125035,2.92781107363,-0.0859889844727,0.00325849025052,0.0,433.9181411305813,434.4328122454399,433.7321871303867,433.8076917672364
1.2600000000000007,0.101825193742,-0.0803433708692,11.9583994825,6.21732226012,6.26353733418,0.0,0.216899608162,-0.31016271563,3.23965067408,-0.0781110970605,0.0100846798125,0.0,507.24869933334253,507.73856505770726,507.67021608768215,508.23043710095055
1.3200000000000007,0.115217485274,-0.100248607377,12.1544989273,6.21225791873,6.26433251573,0.0,0.229438109903,-0.35379653778,3.29679409256,-0.10157053355,0.0189366003355,0.0,432.8595872830241,433.60378692175334,435.5152490852095,433.5422544041933
1.3800000000000008,0.12942327395,-0.123178801046,12.3582243214,6.20592037796,6.26505970823,0.0,0.243960836384,-0.411222237738,3.49340696695,-0.115298733961,-0.00721130090811,0.0,477.98780685584796,475.9908230551534,477.8692296799036,476.8125538877659
1.4400000000000008,0.14445123822,-0.149539467108,12.5716096702,6.19965580601,6.26441932944,0.0,0.257018967588,-0.46812653358,3.61897454689,-0.0885906738309,-0.0186953376992,0.0,457.65186613241855,456.7369625585942,456.16014832969785,458.27844025855893
1.5000000000000009,0.160193024705,-0.179062154495,12.7880172115,6.1944424512,6.26358402519,0.0,0.267788746116,-0.516410060036,3.5946306462,-0.0836888691766,-0.00576760285711,0.0,408.8071516685716,409.95761690223594,409.8841693306886,410.3126499097057
1.560000000000001,0.176666001949,-0.211904457375,13.0066794811,6.18940509018,6.26271007884,0.0,0.281352321491,-0.578817854071,3.693725996,-0.0844953815203,-0.0449615770076,0.0,451.4609202567345,448.2871191752262,450.0941498744835,450.02320275063977
1.620000000000001,0.193951849348,-0.248469181812,13.2299427423,6.18397618722,6.26025234603,0.0,0.295083740939,-0.640486010147,3.74812621994,-0.106466488685,-0.0339719445194,0.0,435.5044554262262,436.4217992650639,438.26738574025484,436.4300141414153
1.680000000000001,0.21214882014,-0.289023948251,13.4582435767,6.17731590464,6.25780586044,0.0,0.311700234922,-0.71197732236,3.86141699722,-0.122111461624,-0.0600369851768,0.0,457.2851341665342,455.20296883235767,455.89563010765175,454.6330116734144
1.740000000000001,0.231338182016,-0.333757225338,13.6909538442,6.17022774889,6.25457482043,0.0,0.328255863516,-0.779782573,3.8953585991,-0.111186515391,-0.0437050926932,0.0,430.5354335525675,431.9130319490065,431.67394633393883,432.5818887341206
1.8000000000000012,0.251582645946,-0.382706065409,13.9258245579,6.1634595542,6.25160250121,0.0,0.346811899837,-0.852453927241,3.93341283791,-0.116247022968,-0.0649683833811,0.0,433.9673502085412,432.1769473034496,434.191423067219,433.75495694266124
1.8600000000000012,0.273044743029,-0.43630776728,14.1643040654,6.15620435359,6.24728337506,0.0,0.368985067184,-0.934937826841,4.01546635059,-0.132440534296,-0.0921797550031,0.0,449.0227031440512,446.805271040873,449.0359989269144,447.7070459398642
1.9200000000000013,0.29579244412,-0.49452866382,14.4039663781,6.14841915625,6.24131449912,0.0,0.389739257041,-1.00641286378,3.97327244126,-0.124862734215,-0.120981285125,0.0,409.8520905895059,407.27388115437077,407.545397131134,408.20510640027743
1.9800000000000013,0.319964703345,-0.557406625881,14.6428362636,6.1408959556,6.23519327227,0.0,0.416588805877,-1.09018077725,3.98881954512,-0.126454590115,-0.0788882178393,0.0,425.88164746801425,429.45658100855303,427.9174059982828,427.76689087283967
2.0400000000000014,0.346104438911,-0.62618438257,14.887703292,6.13368875803,6.23034074404,0.0,0.455251625968,-1.20315395257,4.17252045739,-0.109778910128,-0.0851769283597,0.0,480.9941663966778,480.51288370731146,479.85777925867956,481.1100789014886
2.1000000000000014,0.374452519835,-0.701273328351,15.1393997902,6.12714094457,6.22500805711,0.0,0.490164308811,-1.30039916121,4.21699334532,-0.107864518341,-0.0975505786827,0.0,440.44649047401964,439.4150810708313,439.23881043214294,439.38690683347613
2.1600000000000015,0.405036049872,-0.782417813401,15.3943360692,6.12046035053,6.21872303946,0.0,0.529852972596,-1.40500901647,4.28041143444,-0.119403238973,-0.125769388254,0.0,447.77324947785536,445.46140873086716,446.857941587387,445.90521722498306
2.2200000000000015,0.437985961055,-0.869613626693,15.6508693603,6.11329741974,6.21072791366,0.0,0.569141976699,-1.50213299269,4.2704870482,-0.119340135743,-0.155621422625,0.0,425.0912340629369,422.50697831301096,423.44081364907197,423.43263850727357
2.2800000000000016,0.473423363375,-0.962725495519,15.9065559806,6.10582423332,6.20109795072,0.0,0.612913112434,-1.60221530442,4.25218774285,-0.137808812284,-0.172658959322,0.0,420.93647155268627,419.4328456778068,423.23365668745816,421.6256215194638
2.3400000000000016,0.512108942085,-1.06293100248,16.1663910238,6.09747492745,6.19120234147,0.0,0.677672202614,-1.73875248542,4.40795948897,-0.141990179934,-0.152775482387,0.0,477.69963094284276,479.18939886770397,475.9476573928182,475.61090592330277
2.4000000000000017,0.554502840824,-1.17072938162,16.4313583964,6.088838283,6.18184103432,0.0,0.736280058973,-1.85526432189,4.42384062441,-0.148164653423,-0.163455671824,0.0,435.6192142554207,434.70135794003573,435.9613024269858,435.42517525913354
2.4600000000000017,0.60063274329,-1.28576235336,16.6976540558,6.08012334562,6.17208097181,0.0,0.80226378454,-1.97992513148,4.45213409721,-0.139982087789,-0.161138620038,0.0,440.77838039610015,440.9444134810759,439.8399410144303,440.4971742654456
2.520000000000002,0.651056818935,-1.40870847232,16.9669037903,6.07196953324,6.16249369323,0.0,0.87944026473,-2.11899618895,4.52208997437,-0.128780451235,-0.157218245585,0.0,455.495841457267,455.7857229970743,454.12121944413684,455.00226793008653
2.580000000000002,0.705965920334,-1.53958067019,17.2376084832,6.06384792936,6.1531401541,0.0,0.951654886451,-2.2440662875,4.50103565861,-0.153657931615,-0.153367379885,0.0,426.8481309753844,427.15259656506123,428.088779805038,425.94800770383546
2.640000000000002,0.765393470679,-1.67814353491,17.50717337,6.0544707921,6.1442319755,0.0,1.03002393164,-2.37546582828,4.48401259658,-0.162132050988,-0.140142552192,0.0,428.41741992585446,429.5188755369768,429.93416838924867,429.1913413782211
2.700000000000002,0.829606079128,-1.8246428423,17.7751734214,6.04509790946,6.13626862694,0.0,1.11106449325,-2.50862675902,4.44893028368,-0.146444542087,-0.120962157167,0.0,423.00856221044467,424.6398702993484,423.853841427941,425.1755645447394
2.760000000000002,0.899302922763,-1.98006889167,18.0442001687,6.03705757872,6.12917989463,0.0,1.21278716135,-2.6729430292,4.51773367874,-0.116581481808,-0.113040331831,0.0,458.7997454702995,459.41627517424536,458.34736400296873,460.69832550360064
2.820000000000002,0.9750367115,-2.14518974291,18.3160093553,6.02996901123,6.12264770052,0.0,1.31222248222,-2.83166660028,4.5419016777,-0.121460674637,-0.101622194994,0.0,445.9275422655377,446.848964851501,447.4433725529759,447.0334544037322
2.880000000000002,1.05701522537,-2.32021927514,18.5901537368,6.02269315043,6.1165095019,0.0,1.42089097719,-3.00324578216,4.59538758485,-0.120874935335,-0.103700400642,0.0,457.87332884900104,457.6991918171116,457.8133651409988,457.84716563438195
2.940000000000002,1.14534039485,-2.5052438948,18.8657698723,6.01600306612,6.11015663987,0.0,1.5237771751,-3.16481341062,4.59122270139,-0.0973719459602,-0.110639630868,0.0,441.8201273555786,441.23761052335726,439.15819846048925,441.09220056321004
3.000000000000002,1.23987666645,-2.69997346122,19.1406632344,6.01003706999,6.10358461312,0.0,1.62794861536,-3.32666591212,4.57136838477,-0.103908502694,-0.107410855165,0.0,437.3083306477809,437.5664428398963,436.5991480255039,436.0446012558958
3.0600000000000023,1.34077956236,-2.90453720478,19.4143317396,6.00370052385,6.09761820001,0.0,1.73595157056,-3.49265136887,4.55036212762,-0.109244555807,-0.0869862681451,0.0,437.52847706415514,439.21704499857174,437.263356563739,436.8085382872087
3.1200000000000023,1.44865374992,-3.11975998573,19.6886830887,5.99813124944,6.09231487131,0.0,1.86022654713,-3.68190791252,4.5937807373,-0.0717248621667,-0.0913506122795,0.0,461.0217117964554,460.6704822362047,458.1590235116688,461.12520537276254
3.1800000000000024,1.56390778323,-3.34619817804,19.9647064841,5.99390913278,6.08722912674,0.0,1.98194409708,-3.86637796593,4.60628402083,-0.0677867480754,-0.0740794727972,0.0,451.24696673476285,452.63337158804836,452.0540400754939,452.3676293183646
3.2400000000000024,1.68679279689,-3.58414661942,20.242587553,5.99048868204,6.08269264023,0.0,2.11449708043,-4.06550432679,4.6555082397,-0.0413019756044,-0.0788534657687,0.0,465.95335108674726,465.5756980520558,464.32791632661923,466.39909392988505
3.3000000000000025,1.81727901921,-3.83350975457,20.5213248911,5.98806358456,6.07832548034,0.0,2.23534134152,-4.24685019499,4.63521964153,-0.0387074794919,-0.0628036976177,0.0,444.55797980471357,445.8672073684855,444.045576929095,444.25755901884185
3.3600000000000025,1.95590095516,-4.09496586901,20.8025566971,5.98523125739,6.07488559132,0.0,2.38551931374,-4.46845767213,4.73796960935,-0.0754315242177,-0.0481745525596,0.0,484.3060726541405,485.4033131517707,487.38321502103986,484.6287058643548
3.4200000000000026,2.10200878304,-4.36761154895,21.0827444072,5.98037259388,6.07150983395,0.0,2.48496595883,-4.62028216673,4.60166050293,-0.0953766322485,-0.0819164931887,0.0,409.7449892301067,406.73053089704,408.42048753890265,406.6310681521041
3.4800000000000026,2.25460388925,-4.65012730496,21.3568098422,5.97475243882,6.06635193211,0.0,2.60186483119,-4.79744953014,4.53338876498,-0.0904584965603,-0.0956210168237,0.0,434.1026557343993,432.94447673572273,430.8773543332624,431.28529983305873
3.5400000000000027,2.41502118825,-4.94439709591,21.6298607404,5.96892176263,6.06129333744,0.0,2.7456766505,-5.01197752887,4.56719682985,-0.11606937809,-0.0680395623839,0.0,466.3797156462672,468.5236504815414,468.8252056416438,466.822691695367
3.6000000000000028,2.58298165329,-5.25008194369,21.8999513206,5.96206014184,6.057195108,0.0,2.85327389164,-5.1782045802,4.43563147703,-0.11114723647,-0.0688373751247,0.0,413.740313107586,413.6661529168282,412.85672604353505,413.2781371129288
3.660000000000003,2.75782671631,-5.56639408969,22.1636495074,5.9552113091,6.05342866526,0.0,2.97510578539,-5.36617596351,4.35378770361,-0.120940300419,-0.052796663368,0.0,431.56470339632534,432.913774615247,431.6940742100194,430.8546054743534
3.720000000000003,2.94070003251,-5.89505819423,22.4250804115,5.94787675647,6.05012296936,0.0,3.12073375877,-5.58990222929,4.35947072032,-0.124980370573,-0.060138747206,0.0,463.39853866675406,462.81898629315737,462.70107475403717,462.36994230104
3.780000000000003,3.13254468961,-6.23757356456,22.6874934761,5.94056119737,6.04619407285,0.0,3.27416256333,-5.82786054213,4.38630978869,-0.116431844284,-0.0791835983285,0.0,473.43995482777177,471.9690062470331,471.4328879180692,472.0805582720673
3.840000000000003,3.3336104495,-6.59447108401,22.9512201665,5.93384118801,6.04122388785,0.0,3.42820385537,-6.06925431377,4.40324380189,-0.104358731998,-0.0913755030667,0.0,473.11122242361034,472.1661596481473,470.76963990543163,471.6926791245029
3.900000000000003,3.54233244215,-6.96370371888,23.2095321534,5.92713756515,6.03584627137,0.0,3.5295657004,-6.2392704999,4.20715402749,-0.133543505884,-0.0863432395844,0.0,399.4367903066171,399.8878844457881,401.1359054504889,398.46271046389967
3.960000000000003,3.75909483193,-7.34590325324,23.4630402432,5.91911589255,6.03058416556,0.0,3.69599886896,-6.50129635277,4.24145970398,-0.133998008784,-0.090565445979,0.0,481.3300591005575,481.0046013588766,480.68948754717314,480.64004871752655
4.020000000000002,3.98528802439,-7.74313333906,23.7161568436,5.91101155039,6.02526149363,0.0,3.84398388179,-6.74037525085,4.19455831817,-0.137310054635,-0.0852413902434,0.0,456.81422105446813,457.23235645677516,458.57012548199697,458.29064733163665
4.080000000000001,4.21939164742,-8.15345592152,23.9626716336,5.90271348099,6.02061564238,0.0,3.95973727339,-6.9378923798,4.02220049472,-0.140358475447,-0.0651738468514,0.0,414.27499861887713,416.03090093216,416.46241461570565,416.1764500004509
4.14,4.46017864114,-8.5753757948,24.1976970681,5.89417617789,6.01664152987,0.0,4.06672816363,-7.12703060392,3.81179232095,-0.146452917113,-0.0684460615979,0.0,402.41217632695856,402.11199870947405,402.4172722930748,401.84379644000137
4.199999999999998,4.708955302,-9.01095109844,24.4251981238,5.8859049582,6.01211294424,0.0,4.22586807508,-7.39284603233,3.77013836415,-0.124637681215,-0.0957295910999,0.0,465.31662473522096,463.17072069140295,463.33357400478326,465.02886873297973
4.259999999999997,4.9664644808,-9.4614500355,24.6471531052,5.87884757969,6.00664459271,0.0,4.3580247951,-7.62456148516,3.62757742458,-0.106382436408,-0.0832601471976,0.0,431.7978275496785,432.84148847814714,430.7854892635016,432.3137490036341
4.319999999999996,5.23182842959,-9.92583934033,24.8600061881,5.87265630943,6.00127172376,0.0,4.48766987438,-7.85587102191,3.46687030741,-0.0974660918762,-0.106684324794,0.0,427.9184426608959,425.9117638274103,426.92701071293885,427.67757271850394
4.379999999999995,5.50581037373,-10.4053465571,25.0655559913,5.86650104832,5.99482295813,0.0,4.64529418435,-8.12831433736,3.38348679522,-0.1155444606,-0.109117570495,0.0,455.90833219897365,455.7039855140364,458.45741231204414,457.0093161389916
4.439999999999993,5.78952402717,-10.9016407121,25.266534178,5.85988826758,5.98894215919,0.0,4.81198644745,-8.41544745679,3.31424466462,-0.101259184815,-0.0819636711535,0.0,463.7039486685533,465.82457845355145,464.432875179942,465.5420095259147
4.499999999999992,6.08242491104,-11.4141573232,25.460546061,5.85366183047,5.98407989849,0.0,4.95153244195,-8.6692652857,3.15195724855,-0.10934363869,-0.0792482792324,0.0,435.2861424294389,435.50794141407533,435.1501234970392,434.4629354711905
4.559999999999991,6.38390165663,-11.942307816,25.6451517449,5.84702863299,5.97944816291,0.0,5.09779117004,-8.93658444291,3.00051694323,-0.113087149086,-0.0733795672175,0.0,442.22329086148983,442.70183074706205,440.3968617371141,440.0760654590972
4.6199999999999894,6.69492551528,-12.487686301,25.8226310305,5.84025166259,5.97532839423,0.0,5.26960027172,-9.2434089856,2.91383624732,-0.11267588127,-0.0605956337255,0.0,467.35296814008365,468.3452542661369,466.4980327965185,466.51947835994036
4.679999999999988,7.01646102269,-13.0519217203,25.9952129344,5.83350468331,5.9712462822,0.0,5.44808784537,-9.56513467331,2.83710505504,-0.112001399919,-0.0902145182185,0.0,475.9142346202317,473.63755880480306,474.1023626531605,474.14383906584914
4.739999999999987,7.34914262644,-13.6362197319,26.1640993102,5.82654508478,5.96624592238,0.0,5.64117552305,-9.91205274944,2.79022008827,-0.125483391955,-0.0722777915727,0.0,487.9456259623613,489.2781104085854,489.69160508755283,488.67657827296824
4.799999999999986,7.69296148695,-14.2409005248,26.3285904851,5.81937098688,5.9615653362,0.0,5.81931086073,-10.2447225818,2.69086520308,-0.109798446788,-0.0930668417183,0.0,477.52319980689293,475.92960280636254,474.8454763196344,476.03557832363185
4.859999999999984,8.04732539888,-14.8655277254,26.4863978576,5.81329484279,5.95560432967,0.0,5.99280954513,-10.5769431646,2.56751725798,-0.0881335208684,-0.116467335178,0.0,473.9586030134861,472.14791716251773,470.69969393554305,472.36541502564273
4.919999999999983,8.40986149711,-15.5072567704,26.6305665345,5.80903563151,5.94830562994,0.0,6.09218124518,-10.8154176202,2.23790110346,-0.049285214281,-0.134783812327,0.0,398.4388940199025,396.7444520087456,396.09789453403977,399.65087122766954
4.979999999999982,8.77866252813,-16.163847822,26.7554409883,5.8060971541,5.9404280063,0.0,6.2016665738,-11.072321177,1.92422828969,-0.0483607776533,-0.125101746741,0.0,405.1294459818604,405.9817367982338,404.3577181783345,404.4392830366585
5.0399999999999805,9.15636595582,-16.8390072724,26.8669683478,5.80331005324,5.93253189502,0.0,6.38857318093,-11.433750316,1.79143868352,-0.0428845517179,-0.149575773923,0.0,476.57611636269536,474.6859999550494,474.8338694998292,475.2528009714385
